前突触0坐标:[ 47 203 157]
匹配的后突触坐标：[[ 29 202 164]
 [ 31 198 151]
 [ 31 203 149]
 [ 31 203 159]
 [ 37 215 148]]

前突触1坐标:[ 36 159  81]
匹配的后突触坐标：[[ 46 169  91]
 [ 51 167  88]
 [ 38 171  96]
 [ 34 150  97]]

前突触2坐标:[14 50 49]
匹配的后突触坐标：[[14 62 36]
 [15 62 41]
 [15 67 42]
 [28 54 38]
 [24 61 50]]

前突触3坐标:[ 44 201 218]
匹配的后突触坐标：[[ 33 201 227]
 [ 35 206 228]
 [ 38 205 233]
 [ 38 211 231]
 [ 39 192 233]
 [ 27 193 220]
 [ 28 202 213]]

前突触4坐标:[ 11 171  48]
匹配的后突触坐标：[[  5 179  53]
 [  5 181  58]
 [  5 184  52]
 [  6 186  57]
 [ 11 183  55]
 [ 11 188  54]
 [ 14 186  60]]

前突触5坐标:[ 56 236  34]
匹配的后突触坐标：[[ 52 240  44]
 [ 48 250  24]]

前突触6坐标:[ 15 168 170]
匹配的后突触坐标：[[  9 175 155]
 [  5 175 184]
 [ 14 185 171]
 [ 12 178 187]]

前突触0坐标:[ 11 171  48]
匹配的后突触坐标：[[  5 178  52]
 [  5 179  57]
 [  5 183  50]
 [  5 184  55]
 [  6 184  60]
 [  7 189  54]
 [  9 190  44]
 [ 10 181  54]
 [ 11 181  59]
 [ 12 177  66]
 [ 12 186  52]
 [ 14 186  57]
 [ 19 184  59]]

前突触1坐标:[14 50 49]
匹配的后突触坐标：[[ 9 67 43]
 [12 62 43]
 [13 61 37]
 [14 67 39]
 [14 67 44]
 [17 60 42]
 [18 58 35]
 [19 62 47]
 [19 65 39]
 [23 61 52]
 [24 53 35]
 [24 60 47]
 [25 54 40]
 [30 53 40]]

前突触2坐标:[ 15 168 169]
匹配的后突触坐标：[[  5 169 154]
 [  5 170 183]
 [  5 175 179]
 [  6 174 157]
 [  6 178 173]
 [  6 179 156]
 [  7 180 178]
 [  7 183 172]
 [ 10 169 153]
 [ 10 173 186]
 [ 10 178 183]
 [ 11 174 155]
 [ 11 178 173]
 [ 11 179 156]
 [ 12 179 178]
 [ 12 183 169]
 [ 12 184 174]
 [ 15 178 183]
 [ 17 183 178]]

前突触3坐标:[ 36 160  81]
匹配的后突触坐标：[[ 37 171  95]
 [ 42 169  93]
 [ 42 178  77]
 [ 43 177  82]
 [ 46 170  88]
 [ 46 175  87]
 [ 47 167  93]
 [ 48 174  82]
 [ 51 167  87]]

前突触4坐标:[ 44 201 218]
匹配的后突触坐标：[[ 27 200 213]
 [ 31 200 226]
 [ 31 205 226]
 [ 31 212 222]
 [ 33 200 231]
 [ 33 205 231]
 [ 34 210 227]
 [ 36 194 231]
 [ 36 200 226]
 [ 36 205 225]
 [ 36 210 232]
 [ 37 199 236]
 [ 38 199 231]
 [ 38 204 231]
 [ 38 204 236]
 [ 39 210 227]
 [ 39 215 229]
 [ 41 189 233]
 [ 41 194 231]
 [ 41 209 232]
 [ 42 194 236]
 [ 42 199 236]
 [ 43 201 231]
 [ 44 214 229]]

前突触5坐标:[ 47 203 157]
匹配的后突触坐标：[[ 28 199 157]
 [ 28 204 158]
 [ 29 208 163]
 [ 30 206 149]
 [ 31 196 162]
 [ 31 201 163]
 [ 31 201 168]
 [ 31 206 168]
 [ 32 194 151]
 [ 33 196 156]
 [ 33 199 147]
 [ 33 201 152]
 [ 33 201 157]
 [ 33 206 154]
 [ 34 206 159]
 [ 35 204 147]
 [ 36 213 148]]

前突触6坐标:[ 56 236  34]
匹配的后突触坐标：[[ 48 250  24]
 [ 50 240  43]
 [ 55 247  50]
 [ 57 233  48]]

match_pre_coords.shape: (7, 3)
match_pre_coords[:, 2].shape: (7,)
match_pre_coords[:, 1].shape: (7,)
match_post_coords.shape: (34, 3)
match_post_coords[:, 2].shape: (34,)
match_post_coords[:, 1].shape: (34,)
precision:0.756
recall:0.290
F1 score:0.418919
tp:31,fp:10,fn:76
